1 0 0 1321 1010
2 0 0 447 286
3 0 0 1938 1436
4 0 0 1024 782
5 0 0 255 205
6 0 0 1897 1897
7 0 0 1654 1654
8 0 0 827 748
9 0 0 607 654
10 0 0 1024 597
11 0 0 1239 920
12 0 0 967 540
13 0 0 591 448
14 0 0 1024 1600
15 0 0 512 567
16 0 0 619 873
17 0 0 931 622
18 0 0 1024 1024
19 0 0 668 256
20 0 0 400 328
21 0 0 701 632
22 0 0 820 548
23 0 0 569 450
24 0 0 655 644
25 0 0 721 616
26 0 0 235 353
27 0 0 1280 1220
28 0 0 2048 2048
29 0 0 1000 1077
30 0 0 1075 691
31 0 0 450 225
32 0 0 1506 979
33 0 0 871 674
34 0 0 383 373
35 0 0 800 800
36 0 0 303 319
37 0 0 800 695
38 0 0 980 538
39 0 0 1024 1024
40 0 0 1068 1000
41 0 0 1200 603
42 0 0 750 763
43 0 0 282 372
44 0 0 1024 1024
45 0 0 425 337
46 0 0 400 600
47 0 0 1400 1241
48 0 0 1456 1503
49 0 0 709 709
50 0 0 1258 1206
51 0 0 1205 617
52 0 0 1326 1304
53 0 0 800 562
54 0 0 800 458
55 0 0 1122 755
56 0 0 1280 596
57 0 0 1000 880
58 0 0 1181 591
59 0 0 886 886
60 0 0 875 529
61 0 0 1024 683
62 0 0 1260 852
63 0 0 1511 720
64 0 0 600 1223
65 0 0 446 673
66 0 0 1024 540
67 0 0 1255 926
68 0 0 715 1000
69 0 0 1100 1102
70 0 0 1936 1348
71 0 0 564 450
72 0 0 1701 1701
73 0 0 541 386
74 0 0 605 662
75 0 0 452 294
76 0 0 190 369
77 0 0 1200 791
78 0 0 1280 712
79 0 0 988 1000
80 0 0 760 380
81 0 0 1200 896
82 0 0 1280 966
83 0 0 900 900
84 0 0 1591 1591
85 0 0 776 891
86 0 0 945 945
87 0 0 1024 897
88 0 0 1440 898
89 0 0 2000 814
90 0 0 1130 864
91 0 0 1447 1168
92 0 0 1024 1024
93 0 0 1577 1393
94 0 0 446 878
95 0 0 673 956
96 0 0 892 702
97 0 0 435 182
98 0 0 692 685
99 0 0 197 125
100 0 0 1333 1000
101 0 0 805 1024
102 0 0 834 720
103 0 0 1200 1200
104 0 0 360 454
105 0 0 1024 1024
106 0 0 331 426
107 0 0 1168 756
108 0 0 900 600
109 0 0 1780 2048
110 0 0 726 464
111 0 0 1280 1751
112 0 0 321 328
113 0 0 920 624
114 0 0 1024 778
115 0 0 1713 1445
116 0 0 353 346
117 0 0 1412 846
118 0 0 670 518
119 0 0 1580 1000
120 0 0 839 848
121 0 0 493 441
122 0 0 1225 835
123 0 0 1016 1024
124 0 0 1024 424
125 0 0 1024 1024
126 0 0 993 743
127 0 0 1350 1292
128 0 0 544 603
129 0 0 1280 739
130 0 0 1010 767
131 0 0 769 787
132 0 0 884 664
133 0 0 222 443
134 0 0 991 694
135 0 0 1280 767
136 0 0 1280 568
137 0 0 1220 1239
138 0 0 458 893
139 0 0 1944 1944
140 0 0 853 541
141 0 0 1024 573
142 0 0 1024 849
143 0 0 848 860
144 0 0 1294 1000
145 0 0 1067 886
146 0 0 660 646
147 0 0 1024 557
148 0 0 623 264
149 0 0 892 1231
150 0 0 745 1030
151 0 0 550 521
152 0 0 1061 827
153 0 0 903 1000
154 0 0 494 327
155 0 0 1169 1920
156 0 0 1200 1594
157 0 0 875 1000
158 0 0 2048 2048
159 0 0 800 800
160 0 0 782 761
161 0 0 1900 1200
162 0 0 449 881
163 0 0 1417 1417
164 0 0 732 907
165 0 0 711 845
166 0 0 423 811
167 0 0 554 259
168 0 0 1582 926
169 0 0 430 475
170 0 0 1024 776
171 0 0 441 422
172 0 0 1168 1013
173 0 0 1024 1024
174 0 0 1024 786
175 0 0 1000 533
176 0 0 980 833
177 0 0 661 623
178 0 0 326 352
179 0 0 595 599
180 0 0 2000 1400
181 0 0 1280 1280
182 0 0 480 493
183 0 0 1209 842
184 0 0 1024 949
185 0 0 1078 479
186 0 0 1811 1811
187 0 0 1024 1024
188 0 0 598 1000
189 0 0 724 494
190 0 0 640 333
191 0 0 207 680
192 0 0 450 387
193 0 0 1582 466
194 0 0 596 888
195 0 0 794 253
196 0 0 410 202
197 0 0 785 614
198 0 0 1280 1060
199 0 0 984 984
200 0 0 1280 996
201 0 0 1000 264
202 0 0 1034 324
203 0 0 535 535
204 0 0 1742 2499
205 0 0 900 541
206 0 0 1292 2048
207 0 0 1024 719
208 0 0 433 363
209 0 0 599 605
210 0 0 1024 1024
211 0 0 925 750
212 0 0 500 486
213 0 0 1024 795
214 0 0 1582 837
215 0 0 691 670
216 0 0 1024 598
217 0 0 2048 1448
218 0 0 653 732
219 0 0 498 473
220 0 0 1000 1000
221 0 0 590 1040
222 0 0 1024 745
223 0 0 958 480
224 0 0 1890 1890
225 0 0 217 377
226 0 0 1090 1090
227 0 0 1182 1182
228 0 0 1024 1024
229 0 0 277 267
230 0 0 1024 804
231 0 0 847 1024
232 0 0 1012 1024
233 0 0 938 307
234 0 0 600 479
235 0 0 579 313
236 0 0 1024 731
237 0 0 2048 1409
238 0 0 773 806
239 0 0 1024 720
240 0 0 480 500
241 0 0 2499 1284
242 0 0 717 992
243 0 0 886 886
244 0 0 1024 540
245 0 0 392 420
246 0 0 1024 862
247 0 0 1600 1600
248 0 0 309 318
249 0 0 127 196
250 0 0 736 332
251 0 0 755 793
252 0 0 578 634
253 0 0 907 907
254 0 0 1024 1024
255 0 0 499 894
256 0 0 1681 1243
257 0 0 1024 1024
258 0 0 822 468
259 0 0 1280 905
260 0 0 800 320
261 0 0 1280 905
262 0 0 1000 786
263 0 0 1280 1264
264 0 0 1211 235
265 0 0 528 528
266 0 0 1016 717
267 0 0 1024 1024
268 0 0 1280 450
269 0 0 1165 660
270 0 0 373 342
271 0 0 1580 581
272 0 0 1024 1024
273 0 0 829 792
274 0 0 857 619
275 0 0 267 278
276 0 0 1229 910
277 0 0 709 709
278 0 0 700 324
279 0 0 1024 1024
280 0 0 1772 1772
281 0 0 1024 677
282 0 0 865 1024
283 0 0 1239 1204
284 0 0 347 425
285 0 0 1024 1024
286 0 0 1024 1024
287 0 0 1024 683
288 0 0 696 837
289 0 0 1600 1600
290 0 0 1651 743
291 0 0 1024 669
292 0 0 1669 930
293 0 0 640 506
294 0 0 1257 587
295 0 0 576 556
296 0 0 800 800
297 0 0 1143 663
298 0 0 818 613
299 0 0 1024 632
300 0 0 866 866
301 0 0 703 536
302 0 0 512 492
303 0 0 652 652
304 0 0 1600 1061
305 0 0 731 435
306 0 0 737 394
307 0 0 764 506
308 0 0 1180 1564
309 0 0 1123 986
310 0 0 838 486
311 0 0 788 788
312 0 0 738 545
313 0 0 1000 665
314 0 0 812 755
315 0 0 622 622
316 0 0 651 336
317 0 0 345 680
318 0 0 411 428
319 0 0 874 581
320 0 0 1024 575
321 0 0 594 339
322 0 0 1024 1024
323 0 0 988 635
324 0 0 231 306
325 0 0 1488 1222
326 0 0 519 305
327 0 0 1024 1024
328 0 0 793 245
329 0 0 1024 724
330 0 0 1024 1024
331 0 0 1024 1024
332 0 0 722 952
333 0 0 1080 1080
334 0 0 1152 917
335 0 0 1000 952
336 0 0 730 516
337 0 0 1024 1024
338 0 0 1024 724
339 0 0 1024 299
340 0 0 515 227
341 0 0 1000 539
342 0 0 491 471
343 0 0 1024 408
344 0 0 1024 766
345 0 0 800 800
346 0 0 1600 1600
347 0 0 1024 724
348 0 0 508 1024
349 0 0 422 534
350 0 0 940 838
